((("text" .
   [1 0 0 0])
  ("self" .
   [1 0 0 0])
  ("tel" .
   [1 0 0])
  ("hour" .
   [1 0 0 0])
  ("updated_at" .
   [0 0 0 0 0 0 0 1 0 0])
  ("update" .
   [0 0 1 0 0 0])
  (":token" .
   [2 0 0 0 0 0])
  ("zone" .
   [1 0 0 0])
  ("Time" .
   [1 0 0 0])
  ("send" .
   [0 0 1 0])
  ("selected_salon" .
   [0 0 0 1 2 1 0 0 0 0 0 0 0 0])
  ("else" .
   [1 0 0 0])
  ("2D" .
   [1 0])
  ("console" .
   [1 0 0 0 0 0 0])
  ("log" .
   [3 0 1])
  ("keypress" .
   [0 0 0 1 0 0 0 0])
  ("next" .
   [0 0 1 0])
  ("nextModule" .
   [0 0 0 0 0 1 0 0 0 0])
  ("addClass" .
   [0 0 0 1 0 0 0 0])
  ("target" .
   [1 0 0 0 0 0])
  ("removeAttr" .
   [0 0 0 0 1 0 0 0 0 0])
  ("removeClass" .
   [0 0 0 0 0 0 0 1 0 0 0])
  ("device" .
   [0 0 1 0 0 0])
  ("debug" .
   [1 0 0 0 0])
  ("now" .
   [2 0 0])
  ("user" .
   [5 0 0 0])
  ("true" .
   [1 0 0 0])
  ("home" .
   [1 0 0 0])
  ("replace" .
   [1 1 0 0 0 0 0])
  ("params" .
   [1 0 0 0 0 0])
  (":tel" .
   [1 0 0 0])))
